  File: /data/mephi-web
  Size: 4096      	Blocks: 8          IO Block: 4096   directory
Device: 8,17	Inode: 2           Links: 3
Access: (2775/drwxrwsr-x)  Uid: ( 1001/mephi-admin)   Gid: ( 1001/mephi-devs)
Context: system_u:object_r:httpd_sys_content_t:s0
Access: 2026-04-12 18:39:50.718092050 +0800
Modify: 2026-04-12 18:39:41.345720271 +0800
Change: 2026-04-12 18:39:41.345720271 +0800
 Birth: 2026-04-12 18:10:50.000000000 +0800
